74,35
20,2
20,1
20,3
73,6
73,5
73,4
73,3
19,2
73,2
19,1
73,1
73,0
72,5
72,4
72,3
19,3
72,2
72,1
72,0
71,5
71,4
71,3
71,2
71,1
71,0
70,5
70,4
70,3
70,2
70,1
70,0
69,5
69,4
69,3
69,2
69,1
69,0
68,5
68,4
68,3
68,2
68,1
68,0
67,10
67,9
67,8
67,7
67,6
67,5
67,4
67,3
18,1
67,2
67,1
18,3
67,0
66,5
66,4
66,3
66,2
66,1
66,0
65,107
65,106
65,105
65,104
14,4
14,3
13,1
65,103
65,102
65,101
65,100
65,99
65,98
65,97
65,96
65,95
65,94
65,93
65,92
65,91
65,90
65,89
65,88
13,3
65,87
65,86
65,85
65,84
65,83
65,82
65,81
65,80
65,79
65,78
65,77
65,76
65,75
65,74
65,73
65,72
65,71
65,70
65,69
65,68
65,67
65,66
65,65
65,64
65,37
65,36
65,35
65,34
65,33
65,32
65,31
65,30
65,29
65,28
65,27
65,26
65,25
65,24
65,23
65,22
65,21
65,20
65,19
65,18
65,17
65,16
65,15
65,14
65,13
65,12
65,11
65,10
